handup
-18.0 58.0 -18.0 
3.0 28.0 25.0 
4.0 42.0 3.0 
-22.0 35.0 17.0 
-20.0 35.0 20.0 
-26.0 26.0 24.0 
10.0 47.0 -22.0 
-1.0 54.0 -16.0 
-1.0 57.0 -25.0 
-16.0 55.0 -34.0 
-21.0 57.0 -14.0 
-2.0 39.0 13.0 
-2.0 50.0 -2.0 
-21.0 48.0 4.0 
-16.0 50.0 3.0 

5.0 67.0 24.0 
32.0 61.0 57.0 
40.0 63.0 34.0 
4.0 63.0 57.0 
6.0 63.0 59.0 
1.0 60.0 60.0 
40.0 62.0 14.0 
30.0 66.0 19.0 
24.0 67.0 16.0 
4.0 66.0 10.0 
1.0 65.0 28.0 
26.0 64.0 49.0 
21.0 66.0 38.0 
2.0 66.0 47.0 
10.0 67.0 42.0 

flat
9.0 1.0 60.0 
17.0 -48.0 39.0 
37.0 -30.0 35.0 
-5.0 -41.0 50.0 
-15.0 -39.0 53.0 
-17.0 -47.0 45.0 
33.0 -19.0 46.0 
31.0 -11.0 48.0 
12.0 0.0 58.0 
-17.0 14.0 58.0 
-24.0 -8.0 60.0 
11.0 -36.0 50.0 
6.0 -20.0 58.0 
-15.0 -23.0 61.0 
-30.0 -22.0 54.0 

18.0 7.0 67.0 
30.0 -37.0 51.0 
50.0 -23.0 46.0 
6.0 -30.0 59.0 
-3.0 -28.0 62.0 
-9.0 -37.0 53.0 
44.0 -9.0 55.0 
41.0 -2.0 57.0 
23.0 8.0 66.0 
-7.0 21.0 66.0 
-15.0 0.0 69.0 
23.0 -25.0 60.0 
18.0 -11.0 66.0 
-3.0 -15.0 69.0 
-22.0 -13.0 62.0 

middlefinger
-25.0 24.0 -60.0 
-2.0 -70.0 -24.0 
-24.0 43.0 -46.0 
-40.0 36.0 -58.0 
-25.0 -63.0 32.0 
-23.0 -68.0 16.0 
-9.0 25.0 -61.0 
11.0 27.0 6.0 
1.0 42.0 -33.0 
-26.0 31.0 -1.0 
-33.0 -10.0 47.0 
-10.0 -57.0 39.0 
-5.0 46.0 -46.0 
-26.0 -52.0 44.0 
-38.0 -50.0 36.0 

-9.0 56.0 -29.0 
26.0 19.0 69.0 
51.0 76.0 14.0 
10.0 84.0 61.0 
-4.0 3.0 71.0 
8.0 -19.0 64.0 
29.0 68.0 -13.0 
39.0 65.0 46.0 
21.0 78.0 30.0 
-12.0 71.0 48.0 
-5.0 52.0 65.0 
17.0 16.0 69.0 
20.0 84.0 50.0 
-7.0 17.0 70.0 
-5.0 7.0 67.0 

thumbsup
-70.0 -15.0 -6.0 
-73.0 -15.0 1.0 
-54.0 44.0 -37.0 
-75.0 -23.0 -14.0 
-72.0 -10.0 -5.0 
-69.0 -10.0 -2.0 
-49.0 42.0 -44.0 
-70.0 -2.0 11.0 
-76.0 -7.0 -10.0 
-76.0 -24.0 -33.0 
-72.0 -3.0 -32.0 
-75.0 -13.0 -13.0 
-74.0 -13.0 -3.0 
-73.0 -6.0 -18.0 
-66.0 9.0 -20.0 

-51.0 21.0 30.0 
-48.0 29.0 42.0 
11.0 70.0 42.0 
-57.0 17.0 29.0 
-52.0 28.0 38.0 
-49.0 29.0 48.0 
3.0 66.0 23.0 
-43.0 35.0 47.0 
-52.0 33.0 29.0 
-54.0 14.0 7.0 
-48.0 49.0 -1.0 
-54.0 29.0 27.0 
-51.0 30.0 37.0 
-50.0 34.0 21.0 
-45.0 47.0 32.0 

five
-31.0 44.0 -3.0 
-30.0 24.0 -3.0 
-22.0 28.0 -4.0 
-46.0 26.0 -19.0 
-34.0 18.0 -11.0 
-60.0 11.0 -5.0 
-19.0 36.0 -20.0 
-24.0 37.0 -23.0 
-21.0 43.0 -34.0 
-30.0 48.0 -39.0 
-36.0 44.0 -29.0 
-32.0 31.0 -9.0 
-27.0 34.0 -26.0 
-38.0 39.0 -24.0 
-24.0 37.0 -30.0 

18.0 66.0 47.0 
53.0 67.0 60.0 
51.0 69.0 56.0 
28.0 68.0 87.0 
14.0 67.0 72.0 
14.0 65.0 81.0 
50.0 67.0 33.0 
45.0 66.0 47.0 
37.0 68.0 38.0 
70.0 81.0 30.0 
12.0 66.0 48.0 
46.0 66.0 57.0 
34.0 67.0 59.0 
14.0 66.0 57.0 
19.0 67.0 57.0 

four
-21.0 39.0 6.0 
-17.0 28.0 -9.0 
0.0 -15.0 40.0 
-38.0 48.0 -21.0 
-33.0 42.0 -8.0 
-43.0 36.0 0.0 
17.0 18.0 9.0 
-10.0 37.0 -26.0 
-14.0 46.0 -33.0 
-24.0 52.0 -36.0 
-32.0 54.0 -23.0 
-19.0 33.0 -9.0 
-16.0 48.0 -25.0 
-31.0 54.0 -20.0 
-26.0 47.0 -26.0 

28.0 64.0 52.0 
60.0 67.0 50.0 
51.0 36.0 68.0 
37.0 66.0 50.0 
33.0 68.0 60.0 
24.0 79.0 60.0 
61.0 54.0 55.0 
52.0 67.0 33.0 
45.0 67.0 27.0 
26.0 67.0 21.0 
20.0 95.0 35.0 
51.0 67.0 46.0 
45.0 67.0 40.0 
26.0 68.0 44.0 
31.0 73.0 36.0 

handup
-24.0 55.0 -15.0 
2.0 24.0 23.0 
4.0 46.0 -9.0 
-38.0 30.0 21.0 
-32.0 32.0 24.0 
-35.0 21.0 31.0 
10.0 48.0 -28.0 
-1.0 52.0 -20.0 
-12.0 56.0 -25.0 
-26.0 53.0 -32.0 
-31.0 54.0 -14.0 
-5.0 39.0 10.0 
-16.0 52.0 -5.0 
-33.0 50.0 3.0 
-25.0 45.0 6.0 

9.0 68.0 16.0 
39.0 62.0 63.0 
42.0 68.0 35.0 
4.0 62.0 61.0 
10.0 62.0 59.0 
7.0 56.0 60.0 
41.0 63.0 14.0 
35.0 67.0 20.0 
24.0 67.0 14.0 
13.0 66.0 1.0 
11.0 67.0 21.0 
32.0 67.0 46.0 
21.0 69.0 34.0 
7.0 66.0 36.0 
21.0 67.0 43.0 

flat
-26.0 -14.0 59.0 
-19.0 -54.0 40.0 
-3.0 -32.0 47.0 
-30.0 -49.0 35.0 
-36.0 -50.0 42.0 
-45.0 -53.0 34.0 
-9.0 -10.0 57.0 
-7.0 -15.0 56.0 
-16.0 -4.0 58.0 
-33.0 8.0 54.0 
-51.0 -9.0 44.0 
-24.0 -43.0 48.0 
-22.0 -20.0 54.0 
-32.0 -30.0 53.0 
-66.0 -22.0 39.0 

-2.0 -3.0 70.0 
9.0 -33.0 65.0 
18.0 -11.0 73.0 
-2.0 -31.0 64.0 
-8.0 -31.0 61.0 
-21.0 -32.0 54.0 
12.0 9.0 79.0 
19.0 0.0 76.0 
12.0 10.0 79.0 
-8.0 18.0 70.0 
-19.0 2.0 67.0 
0.0 -23.0 69.0 
5.0 -7.0 78.0 
-8.0 -16.0 82.0 
-33.0 -6.0 62.0 

middlefinger
-33.0 29.0 -58.0 
-16.0 -61.0 28.0 
-32.0 34.0 0.0 
-43.0 31.0 6.0 
-39.0 -63.0 18.0 
-27.0 -61.0 17.0 
-24.0 35.0 -33.0 
3.0 19.0 18.0 
-4.0 43.0 -17.0 
-43.0 23.0 14.0 
-35.0 3.0 43.0 
-24.0 -52.0 40.0 
-24.0 44.0 -15.0 
-41.0 -49.0 34.0 
-41.0 -45.0 31.0 

10.0 57.0 -20.0 
41.0 -21.0 64.0 
24.0 88.0 44.0 
40.0 73.0 63.0 
1.0 -26.0 62.0 
9.0 -32.0 58.0 
20.0 72.0 14.0 
47.0 64.0 53.0 
42.0 69.0 34.0 
-3.0 65.0 51.0 
1.0 50.0 64.0 
30.0 -7.0 72.0 
42.0 72.0 40.0 
-4.0 -5.0 72.0 
-4.0 -6.0 68.0 

thumbsup
-85.0 -7.0 -1.0 
-87.0 -20.0 -21.0 
-65.0 17.0 -38.0 
-91.0 -25.0 -29.0 
-77.0 -10.0 -15.0 
-72.0 -21.0 -4.0 
-49.0 48.0 -36.0 
-74.0 -21.0 25.0 
-92.0 -26.0 -11.0 
-84.0 -48.0 -26.0 
-91.0 -32.0 -29.0 
-95.0 -34.0 -31.0 
-98.0 -31.0 -16.0 
-93.0 -22.0 -29.0 
-83.0 1.0 -30.0 

-38.0 28.0 41.0 
-50.0 34.0 28.0 
10.0 73.0 77.0 
-47.0 17.0 9.0 
-51.0 27.0 29.0 
-51.0 14.0 54.0 
7.0 73.0 41.0 
-14.0 44.0 56.0 
-26.0 29.0 29.0 
-28.0 13.0 14.0 
-20.0 54.0 9.0 
-42.0 21.0 14.0 
-42.0 24.0 26.0 
-38.0 30.0 18.0 
-49.0 41.0 40.0 

five
-10.0 54.0 -1.0 
16.0 31.0 7.0 
29.0 34.0 -12.0 
-24.0 42.0 3.0 
-26.0 37.0 14.0 
-32.0 33.0 12.0 
33.0 36.0 -23.0 
13.0 50.0 -28.0 
2.0 49.0 -37.0 
-16.0 49.0 -43.0 
-26.0 50.0 -44.0 
12.0 45.0 -2.0 
-4.0 54.0 -21.0 
-24.0 49.0 -5.0 
-93.0 55.0 -18.0 

12.0 69.0 24.0 
57.0 65.0 48.0 
61.0 57.0 28.0 
14.0 71.0 49.0 
100.0 69.0 53.0 
127.0 66.0 55.0 
57.0 52.0 9.0 
39.0 65.0 7.0 
29.0 65.0 -2.0 
12.0 81.0 -10.0 
35.0 99.0 5.0 
43.0 68.0 36.0 
30.0 72.0 21.0 
39.0 70.0 30.0 
24.0 114.0 27.0 

four
-18.0 50.0 0.0 
10.0 18.0 10.0 
-11.0 -12.0 56.0 
-30.0 24.0 3.0 
-28.0 29.0 5.0 
-49.0 31.0 11.0 
3.0 21.0 37.0 
12.0 43.0 -18.0 
-4.0 51.0 -29.0 
-23.0 54.0 -39.0 
-44.0 42.0 -26.0 
6.0 31.0 -1.0 
-10.0 50.0 -22.0 
-30.0 50.0 -17.0 
-39.0 53.0 -18.0 

13.0 71.0 28.0 
55.0 63.0 54.0 
28.0 21.0 67.0 
23.0 71.0 70.0 
18.0 75.0 58.0 
-5.0 76.0 48.0 
41.0 51.0 56.0 
46.0 64.0 26.0 
34.0 68.0 23.0 
14.0 68.0 2.0 
-6.0 64.0 10.0 
50.0 69.0 51.0 
34.0 71.0 43.0 
14.0 74.0 35.0 
6.0 71.0 21.0 

handup
-18.0 49.0 3.0 
5.0 21.0 14.0 
21.0 41.0 0.0 
-30.0 31.0 14.0 
-33.0 26.0 26.0 
-33.0 23.0 29.0 
21.0 45.0 -10.0 
6.0 51.0 -11.0 
-3.0 55.0 -13.0 
-28.0 57.0 -25.0 
-30.0 56.0 -10.0 
-1.0 41.0 9.0 
-6.0 50.0 1.0 
-33.0 46.0 9.0 
-24.0 51.0 9.0 

6.0 65.0 33.0 
35.0 72.0 61.0 
44.0 58.0 42.0 
3.0 64.0 59.0 
0.0 59.0 58.0 
-1.0 54.0 57.0 
43.0 59.0 26.0 
29.0 66.0 28.0 
21.0 67.0 27.0 
1.0 64.0 9.0 
-1.0 65.0 21.0 
29.0 67.0 49.0 
23.0 66.0 40.0 
-3.0 65.0 41.0 
8.0 67.0 36.0 

flat
-7.0 -14.0 60.0 
3.0 -54.0 36.0 
6.0 -30.0 50.0 
-11.0 -47.0 43.0 
-22.0 -54.0 39.0 
-24.0 -51.0 39.0 
-2.0 -13.0 57.0 
13.0 -20.0 47.0 
1.0 -12.0 58.0 
-25.0 2.0 55.0 
-32.0 -15.0 52.0 
-2.0 -40.0 47.0 
-2.0 -25.0 54.0 
-21.0 -33.0 56.0 
-37.0 -22.0 47.0 

14.0 4.0 68.0 
26.0 -30.0 57.0 
29.0 -9.0 71.0 
11.0 -28.0 65.0 
1.0 -32.0 61.0 
-2.0 -25.0 65.0 
20.0 4.0 75.0 
35.0 0.0 64.0 
21.0 7.0 70.0 
-4.0 21.0 68.0 
-10.0 10.0 75.0 
21.0 -18.0 65.0 
19.0 -6.0 68.0 
1.0 -11.0 70.0 
-16.0 7.0 70.0 

middlefinger
-49.0 38.0 -33.0 
-48.0 -128.0 -7.0 
-33.0 14.0 25.0 
-51.0 36.0 -34.0 
-53.0 -59.0 19.0 
-59.0 -68.0 13.0 
-26.0 44.0 11.0 
-27.0 33.0 25.0 
-23.0 54.0 -23.0 
-56.0 21.0 -7.0 
-52.0 -15.0 18.0 
-51.0 -61.0 14.0 
-27.0 54.0 -37.0 
-55.0 -40.0 37.0 
-52.0 -48.0 28.0 

-8.0 64.0 -9.0 
79.0 8.0 127.0 
31.0 63.0 64.0 
4.0 82.0 66.0 
-19.0 7.0 75.0 
7.0 -25.0 53.0 
33.0 73.0 45.0 
21.0 67.0 54.0 
20.0 72.0 28.0 
6.0 64.0 42.0 
-26.0 57.0 58.0 
28.0 25.0 66.0 
23.0 70.0 31.0 
-22.0 14.0 73.0 
-25.0 11.0 61.0 

thumbsup
-69.0 -17.0 -5.0 
-70.0 -4.0 3.0 
-49.0 40.0 -11.0 
-72.0 -13.0 -20.0 
-71.0 0.0 -21.0 
-63.0 -11.0 19.0 
-49.0 45.0 -12.0 
-75.0 -14.0 8.0 
-75.0 -14.0 -20.0 
-75.0 -29.0 -33.0 
-78.0 -1.0 -33.0 
-78.0 -1.0 -26.0 
-77.0 -4.0 -16.0 
-76.0 -6.0 -31.0 
-73.0 6.0 -9.0 

-55.0 16.0 29.0 
-52.0 40.0 33.0 
-12.0 66.0 43.0 
-58.0 29.0 5.0 
-40.0 43.0 4.0 
-47.0 25.0 45.0 
-23.0 61.0 33.0 
-36.0 25.0 32.0 
-37.0 24.0 7.0 
-37.0 10.0 -4.0 
-33.0 33.0 -2.0 
-52.0 31.0 16.0 
-49.0 48.0 20.0 
-50.0 49.0 5.0 
-41.0 65.0 23.0 

five
-19.0 48.0 19.0 
9.0 21.0 24.0 
28.0 27.0 14.0 
-30.0 36.0 19.0 
-33.0 34.0 29.0 
-36.0 29.0 32.0 
27.0 38.0 10.0 
9.0 51.0 0.0 
-2.0 58.0 -6.0 
-26.0 53.0 -19.0 
-36.0 50.0 -2.0 
1.0 38.0 18.0 
-7.0 53.0 6.0 
-33.0 49.0 8.0 
-30.0 50.0 10.0 

0.0 63.0 40.0 
30.0 57.0 66.0 
44.0 48.0 56.0 
-5.0 61.0 57.0 
-9.0 57.0 57.0 
-9.0 50.0 57.0 
43.0 51.0 39.0 
26.0 63.0 33.0 
14.0 65.0 23.0 
-5.0 64.0 7.0 
-15.0 62.0 21.0 
21.0 64.0 54.0 
14.0 64.0 43.0 
-7.0 64.0 40.0 
-5.0 65.0 33.0 

four
-15.0 50.0 10.0 
9.0 27.0 21.0 
-17.0 -29.0 59.0 
-28.0 25.0 18.0 
-33.0 27.0 27.0 
-32.0 16.0 29.0 
10.0 5.0 45.0 
9.0 50.0 -6.0 
-1.0 57.0 -11.0 
-24.0 51.0 -26.0 
-30.0 54.0 -12.0 
2.0 40.0 12.0 
-3.0 53.0 0.0 
-32.0 49.0 6.0 
-26.0 47.0 6.0 

6.0 65.0 38.0 
35.0 60.0 62.0 
16.0 -1.0 68.0 
2.0 62.0 64.0 
2.0 58.0 65.0 
-3.0 55.0 71.0 
43.0 36.0 59.0 
33.0 65.0 33.0 
21.0 66.0 28.0 
4.0 66.0 14.0 
-2.0 69.0 31.0 
24.0 65.0 54.0 
20.0 66.0 42.0 
-1.0 66.0 43.0 
9.0 68.0 44.0 

